Cotxe 0:	dist: 29.5 km 0 225 225 105 105 75 108 108 75 0
Cotxe 1:	dist: 29.8 km 2 16 16 149 149 64 33 33 1 1 64 2
Cotxe 2:	dist: 29.9 km 5 156 231 231 63 63 246 246 43 43 156 224 224 5
Cotxe 3:	dist: 29.7 km 7 41 171 171 41 4 172 172 4 7
Cotxe 4:	dist: 29.9 km 8 296 296 30 96 96 30 8
Cotxe 5:	dist: 29.9 km 11 51 51 65 122 122 17 17 65 11
Cotxe 6:	dist: 29.2 km 13 158 158 205 138 138 220 220 205 202 202 13
Cotxe 7:	dist: 29.5 km 14 53 53 82 130 130 82 91 91 14
Cotxe 8:	dist: 29.6 km 21 22 22 95 238 238 95 219 219 190 190 21
Cotxe 9:	dist: 30.0 km 23 134 193 193 134 27 262 262 27 23
Cotxe 10:	dist: 29.7 km 24 293 293 103 143 143 103 174 174 24
Cotxe 11:	dist: 29.7 km 25 203 203 15 15 165 136 136 165 141 141 25
Cotxe 12:	dist: 30.0 km 28 61 221 221 61 280 280 286 66 66 286 28
Cotxe 13:	dist: 30.0 km 29 295 295 261 261 117 160 160 117 29
Cotxe 14:	dist: 29.5 km 34 100 259 259 100 42 42 59 258 258 59 34
Cotxe 15:	dist: 29.5 km 38 287 287 229 216 216 229 38
Cotxe 16:	dist: 29.4 km 39 271 271 35 114 114 35 47 47 39
Cotxe 17:	dist: 29.9 km 40 32 243 243 32 239 281 281 239 40
Cotxe 18:	dist: 29.4 km 44 207 207 131 131 267 267 44
Cotxe 19:	dist: 29.3 km 46 175 175 121 121 86 86 46
Cotxe 20:	dist: 29.6 km 48 208 208 147 113 113 147 48
Cotxe 21:	dist: 29.9 km 49 278 278 115 115 110 110 49
Cotxe 22:	dist: 30.0 km 50 177 177 215 215 106 106 50
Cotxe 23:	dist: 29.5 km 55 155 89 89 155 19 19 55
Cotxe 24:	dist: 29.9 km 56 292 189 189 292 52 52 244 244 56
Cotxe 25:	dist: 29.8 km 57 212 212 37 37 289 289 57
Cotxe 26:	dist: 30.0 km 58 54 54 84 299 299 84 58
Cotxe 27:	dist: 29.9 km 60 112 248 248 254 254 112 60
Cotxe 28:	dist: 30.0 km 62 140 279 279 140 26 26 62
Cotxe 29:	dist: 29.9 km 68 157 153 153 157 250 3 3 250 68
Cotxe 30:	dist: 29.0 km 70 20 20 251 251 18 169 169 18 70
Cotxe 31:	dist: 30.0 km 71 104 256 256 104 284 10 10 69 69 284 71
Cotxe 32:	dist: 30.0 km 72 6 235 235 6 206 206 72
Cotxe 33:	dist: 30.0 km 73 255 255 12 12 73
Cotxe 34:	dist: 29.9 km 74 198 197 197 198 173 173 223 223 74
Cotxe 35:	dist: 29.5 km 76 297 297 227 170 170 227 273 234 234 273 76
Cotxe 36:	dist: 29.6 km 77 236 222 222 236 182 182 77
Cotxe 37:	dist: 30.0 km 78 276 276 180 180 185 241 241 185 78
Cotxe 38:	dist: 29.9 km 79 98 298 298 92 92 98 79
Cotxe 39:	dist: 28.9 km 80 31 45 45 31 269 126 126 269 80
Cotxe 40:	dist: 29.6 km 81 111 111 36 277 277 36 81
Cotxe 41:	dist: 27.8 km 83 132 265 265 132 200 200 83
Cotxe 42:	dist: 30.0 km 85 159 263 263 102 102 159 85
Cotxe 43:	dist: 30.0 km 87 9 9 167 167 87
Cotxe 44:	dist: 29.6 km 88 67 176 176 67 168 178 178 142 142 168 88
Cotxe 45:	dist: 28.5 km 90 133 218 218 133 272 272 90
Cotxe 46:	dist: 27.0 km 93 209 101 101 127 127 209 93
Cotxe 47:	dist: 29.5 km 94 162 109 109 162 257 257 94
Cotxe 48:	dist: 29.4 km 99 154 154 97 253 253 107 107 97 99
Cotxe 49:	dist: 29.6 km 118 129 129 116 116 194 194 118
Cotxe 50:	dist: 29.5 km 120 128 128 119 125 125 119 120
Cotxe 51:	dist: 28.0 km 124 123 139 139 230 230 123 124
Cotxe 52:	dist: 30.0 km 137 135 179 179 135 137
Cotxe 53:	dist: 29.1 km 145 146 146 144 247 247 144 145
Cotxe 54:	dist: 30.0 km 150 148 164 164 148 166 166 150
Cotxe 55:	dist: 27.4 km 152 151 232 232 282 282 151 152
Cotxe 56:	dist: 29.1 km 163 161 217 217 161 260 260 163
Cotxe 57:	dist: 28.8 km 183 181 181 226 226 249 249 183
Cotxe 58:	dist: 29.3 km 186 245 245 184 184 186
Cotxe 59:	dist: 27.8 km 188 252 252 187 187 188
Cotxe 60:	dist: 28.8 km 195 191 191 233 233 195
Cotxe 61:	dist: 24.5 km 196 192 242 242 192 196
Cotxe 62:	dist: 26.1 km 201 199 204 204 199 201
Cotxe 63:	dist: 26.7 km 211 210 210 211
Cotxe 64:	dist: 26.3 km 214 213 228 228 213 214
Cotxe 65:	dist: 29.6 km 240 237 270 270 237 240
Cotxe 66:	dist: 27.6 km 266 264 274 274 264 266
Cotxe 67:	dist: 29.2 km 275 268 268 275
Cotxe 68:	dist: 30.0 km 285 283 283 288 288 285
Cotxe 69:	dist: 29.5 km 291 290 294 294 290 291
 cars: 70 dist: 2047.0 km
true
 people 300 drivers:150 time:608385.0 ms
