Cotxe 0:	dist: 29.3 km 6 390 390 99 98 98 94 94 99 6
Cotxe 1:	dist: 29.8 km 9 253 253 48 131 131 48 60 105 105 60 9
Cotxe 2:	dist: 29.1 km 11 388 393 393 225 225 388 11
Cotxe 3:	dist: 29.7 km 12 244 244 183 211 211 183 71 7 7 71 12
Cotxe 4:	dist: 29.7 km 13 28 28 141 141 360 360 384 296 296 384 15 242 242 15 13
Cotxe 5:	dist: 29.5 km 14 162 162 270 135 135 270 239 239 14
Cotxe 6:	dist: 29.6 km 16 127 226 226 112 112 127 31 31 376 54 54 376 16
Cotxe 7:	dist: 29.5 km 17 87 87 319 319 124 167 167 124 17
Cotxe 8:	dist: 29.9 km 19 251 251 395 293 293 395 19
Cotxe 9:	dist: 29.8 km 21 236 139 139 186 186 236 184 353 353 23 23 184 21
Cotxe 10:	dist: 30.0 km 25 43 340 340 259 259 43 196 367 367 196 25
Cotxe 11:	dist: 29.6 km 26 195 195 374 374 89 89 24 24 26
Cotxe 12:	dist: 29.6 km 29 82 82 138 138 1 1 29
Cotxe 13:	dist: 29.4 km 32 347 347 84 4 4 84 156 156 32
Cotxe 14:	dist: 29.6 km 33 269 269 122 122 83 81 81 341 341 83 33
Cotxe 15:	dist: 29.8 km 34 363 363 38 136 136 38 34
Cotxe 16:	dist: 29.3 km 36 334 5 5 334 272 272 371 371 36
Cotxe 17:	dist: 30.0 km 37 230 0 0 230 116 310 310 116 37
Cotxe 18:	dist: 29.7 km 39 342 42 42 342 352 352 264 264 39
Cotxe 19:	dist: 29.6 km 40 102 102 316 316 299 329 329 299 68 68 40
Cotxe 20:	dist: 30.0 km 41 163 163 8 157 157 8 41
Cotxe 21:	dist: 29.7 km 47 383 317 317 383 229 168 168 229 280 280 47
Cotxe 22:	dist: 29.5 km 49 279 279 314 314 386 224 224 386 49
Cotxe 23:	dist: 29.9 km 50 246 313 313 246 2 349 349 2 50
Cotxe 24:	dist: 29.9 km 52 206 206 176 93 93 176 92 92 52
Cotxe 25:	dist: 29.9 km 55 202 202 257 326 326 257 55
Cotxe 26:	dist: 28.3 km 56 304 304 119 285 285 158 158 119 56
Cotxe 27:	dist: 30.0 km 57 267 267 76 140 140 343 343 76 57
Cotxe 28:	dist: 29.7 km 58 27 27 227 266 266 227 297 297 58
Cotxe 29:	dist: 29.7 km 59 30 265 265 30 282 274 274 282 59
Cotxe 30:	dist: 28.6 km 61 247 375 375 64 64 292 292 247 61
Cotxe 31:	dist: 28.5 km 62 351 201 201 200 200 351 62
Cotxe 32:	dist: 30.0 km 63 182 182 255 209 209 255 137 295 295 137 63
Cotxe 33:	dist: 29.2 km 65 164 164 178 10 10 178 263 263 65
Cotxe 34:	dist: 29.1 km 66 147 372 372 185 185 147 133 133 66
Cotxe 35:	dist: 29.3 km 67 308 308 101 101 273 273 67
Cotxe 36:	dist: 29.4 km 70 245 245 45 220 220 45 145 145 70
Cotxe 37:	dist: 29.3 km 72 207 207 90 219 219 90 72
Cotxe 38:	dist: 29.5 km 73 355 187 187 355 298 298 73
Cotxe 39:	dist: 29.5 km 74 154 346 346 35 35 213 213 154 74
Cotxe 40:	dist: 30.0 km 77 204 291 291 204 77
Cotxe 41:	dist: 29.2 km 78 303 303 366 114 114 366 78
Cotxe 42:	dist: 28.2 km 79 165 165 115 307 307 115 79
Cotxe 43:	dist: 26.0 km 80 301 3 3 301 80
Cotxe 44:	dist: 29.4 km 85 254 198 198 361 361 254 85
Cotxe 45:	dist: 29.5 km 91 318 318 151 161 161 151 91
Cotxe 46:	dist: 28.4 km 95 382 130 130 382 95
Cotxe 47:	dist: 28.5 km 96 75 75 302 302 44 379 379 44 391 391 96
Cotxe 48:	dist: 29.4 km 97 350 362 362 143 143 350 97
Cotxe 49:	dist: 29.4 km 100 275 20 20 275 240 240 100
Cotxe 50:	dist: 29.8 km 106 359 359 172 208 208 172 106
Cotxe 51:	dist: 30.0 km 108 268 268 311 358 358 311 108
Cotxe 52:	dist: 29.6 km 109 312 312 339 18 18 339 109
Cotxe 53:	dist: 29.4 km 111 305 305 107 69 69 107 111
Cotxe 54:	dist: 29.9 km 113 189 53 53 189 113
Cotxe 55:	dist: 29.5 km 117 248 248 110 243 243 110 117
Cotxe 56:	dist: 29.9 km 118 396 396 398 398 222 222 118
Cotxe 57:	dist: 29.5 km 120 191 392 392 191 223 223 381 276 276 381 120
Cotxe 58:	dist: 29.5 km 121 22 86 86 22 46 46 121
Cotxe 59:	dist: 29.7 km 125 146 188 188 146 51 51 125
Cotxe 60:	dist: 28.8 km 126 88 132 132 88 126
Cotxe 61:	dist: 29.9 km 128 171 171 123 103 103 123 128
Cotxe 62:	dist: 30.0 km 129 252 252 174 134 134 174 129
Cotxe 63:	dist: 29.9 km 149 144 193 193 155 155 144 149
Cotxe 64:	dist: 29.3 km 150 260 260 148 166 166 148 150
Cotxe 65:	dist: 29.9 km 153 152 152 221 221 153
Cotxe 66:	dist: 28.9 km 160 159 190 190 159 160
Cotxe 67:	dist: 29.9 km 170 192 281 281 192 169 169 170
Cotxe 68:	dist: 29.9 km 175 348 348 173 249 249 173 175
Cotxe 69:	dist: 28.3 km 179 177 177 218 218 179
Cotxe 70:	dist: 28.4 km 181 180 212 212 180 181
Cotxe 71:	dist: 30.0 km 197 199 199 194 369 369 194 197
Cotxe 72:	dist: 30.0 km 205 203 203 228 228 205
Cotxe 73:	dist: 29.4 km 214 210 290 290 210 214
Cotxe 74:	dist: 28.9 km 216 215 217 217 215 216
Cotxe 75:	dist: 28.4 km 232 235 235 231 231 232
Cotxe 76:	dist: 29.3 km 234 306 306 233 250 250 233 286 286 234
Cotxe 77:	dist: 29.4 km 238 241 241 356 356 237 237 238
Cotxe 78:	dist: 28.3 km 258 256 256 322 322 258
Cotxe 79:	dist: 28.1 km 262 261 271 271 261 262
Cotxe 80:	dist: 27.4 km 278 277 283 283 277 278
Cotxe 81:	dist: 29.9 km 288 284 284 294 294 288
Cotxe 82:	dist: 25.9 km 289 300 300 354 354 287 287 289
Cotxe 83:	dist: 30.0 km 315 327 327 309 309 315
Cotxe 84:	dist: 27.3 km 321 320 333 333 320 337 337 321
Cotxe 85:	dist: 29.3 km 324 323 336 336 323 325 325 324
Cotxe 86:	dist: 29.1 km 330 370 399 399 370 328 368 368 328 330
Cotxe 87:	dist: 28.1 km 332 331 338 338 335 335 331 332
Cotxe 88:	dist: 23.7 km 345 357 357 344 344 345
Cotxe 89:	dist: 28.5 km 365 364 364 373 373 365
Cotxe 90:	dist: 20.9 km 378 377 377 378
Cotxe 91:	dist: 29.5 km 385 380 380 104 142 142 104 385
Cotxe 92:	dist: 22.1 km 389 387 387 389
Cotxe 93:	dist: 20.6 km 397 394 394 397
 cars: 94 dist: 2723.6 km
true
 people 400 drivers:200 time:2086844.0 ms

