Cotxe 0:	dist: 28.7 km 0 425 425 440 440 409 409 378 378 275 275 0
Cotxe 1:	dist: 29.4 km 3 401 135 135 391 391 401 380 380 165 165 103 146 146 103 3
Cotxe 2:	dist: 29.9 km 5 450 413 413 450 8 432 432 418 418 8 487 487 5
Cotxe 3:	dist: 29.1 km 9 311 484 484 311 489 489 9
Cotxe 4:	dist: 29.7 km 11 265 274 274 265 134 368 368 134 255 255 11
Cotxe 5:	dist: 29.9 km 16 306 149 149 306 345 47 47 345 16
Cotxe 6:	dist: 29.5 km 17 365 365 354 297 297 354 164 164 17
Cotxe 7:	dist: 30.0 km 18 29 240 240 29 416 415 415 416 15 15 18
Cotxe 8:	dist: 29.9 km 21 184 222 222 184 488 488 10 10 21
Cotxe 9:	dist: 30.0 km 23 305 27 27 305 463 463 339 339 23
Cotxe 10:	dist: 29.7 km 24 486 471 471 236 236 234 234 486 24
Cotxe 11:	dist: 29.8 km 25 94 221 221 497 497 36 36 94 25
Cotxe 12:	dist: 29.6 km 26 229 229 475 66 66 475 231 231 419 201 201 419 26
Cotxe 13:	dist: 30.0 km 28 347 347 241 241 239 350 350 239 28
Cotxe 14:	dist: 29.9 km 31 325 325 438 438 256 256 260 260 2 2 31
Cotxe 15:	dist: 29.8 km 32 320 320 190 170 170 190 32
Cotxe 16:	dist: 30.0 km 33 208 208 60 60 93 93 289 289 33
Cotxe 17:	dist: 29.9 km 35 228 228 428 428 92 206 206 92 35
Cotxe 18:	dist: 29.9 km 39 444 397 397 394 394 298 298 424 424 444 39
Cotxe 19:	dist: 29.9 km 40 194 194 14 14 404 404 327 327 40
Cotxe 20:	dist: 29.9 km 42 406 406 360 433 433 360 420 420 42
Cotxe 21:	dist: 29.1 km 43 200 200 166 175 175 166 43
Cotxe 22:	dist: 29.6 km 48 153 153 188 174 174 188 48
Cotxe 23:	dist: 29.3 km 49 421 421 187 44 44 105 105 84 84 187 49
Cotxe 24:	dist: 29.5 km 51 74 355 355 74 251 251 46 271 271 266 266 46 51
Cotxe 25:	dist: 30.0 km 52 71 71 69 69 52
Cotxe 26:	dist: 30.0 km 53 324 324 495 474 474 22 22 495 53
Cotxe 27:	dist: 29.7 km 54 50 41 41 185 185 182 182 50 54
Cotxe 28:	dist: 29.9 km 55 366 366 204 496 496 204 55
Cotxe 29:	dist: 29.8 km 56 390 299 299 390 494 494 375 375 56
Cotxe 30:	dist: 29.9 km 57 262 262 482 268 268 482 157 216 216 157 57
Cotxe 31:	dist: 29.8 km 58 20 20 244 101 101 244 483 483 58
Cotxe 32:	dist: 30.0 km 61 102 102 161 332 332 161 61
Cotxe 33:	dist: 30.0 km 62 367 344 344 367 461 393 393 461 224 224 62
Cotxe 34:	dist: 29.5 km 64 410 160 160 410 473 473 64
Cotxe 35:	dist: 29.3 km 65 163 485 485 270 270 163 88 88 65
Cotxe 36:	dist: 29.8 km 67 196 196 454 470 470 454 67
Cotxe 37:	dist: 29.4 km 75 155 155 79 168 168 79 75
Cotxe 38:	dist: 29.3 km 76 431 431 490 490 287 287 343 343 76
Cotxe 39:	dist: 29.9 km 77 150 150 87 110 110 87 147 147 77
Cotxe 40:	dist: 29.8 km 78 218 218 307 430 430 443 443 307 78
Cotxe 41:	dist: 29.8 km 80 382 392 392 382 245 13 13 245 313 313 80
Cotxe 42:	dist: 29.8 km 81 120 238 238 120 283 283 138 272 272 138 81
Cotxe 43:	dist: 30.0 km 82 136 246 246 86 86 178 178 136 82
Cotxe 44:	dist: 28.5 km 83 37 198 198 37 108 108 90 90 83
Cotxe 45:	dist: 28.1 km 85 426 59 59 426 85
Cotxe 46:	dist: 29.5 km 89 30 30 45 398 398 452 452 45 253 253 89
Cotxe 47:	dist: 29.5 km 91 374 374 468 396 396 468 91
Cotxe 48:	dist: 29.5 km 95 439 439 326 326 445 445 95
Cotxe 49:	dist: 29.2 km 96 181 237 237 181 412 119 119 412 346 346 96
Cotxe 50:	dist: 29.5 km 97 459 459 319 248 248 319 97
Cotxe 51:	dist: 29.4 km 98 389 156 156 389 125 125 98
Cotxe 52:	dist: 30.0 km 99 131 340 340 38 38 131 205 205 99
Cotxe 53:	dist: 29.2 km 100 429 446 446 429 395 395 100
Cotxe 54:	dist: 29.8 km 104 154 383 383 154 294 294 104
Cotxe 55:	dist: 29.9 km 106 457 457 458 209 209 458 106
Cotxe 56:	dist: 29.7 km 107 387 111 111 189 189 387 107
Cotxe 57:	dist: 29.9 km 109 34 34 215 414 414 215 109
Cotxe 58:	dist: 29.2 km 112 338 338 254 19 19 254 112
Cotxe 59:	dist: 29.8 km 113 148 148 243 328 328 243 113
Cotxe 60:	dist: 29.7 km 114 169 169 336 336 321 321 114
Cotxe 61:	dist: 28.5 km 116 211 12 12 211 116
Cotxe 62:	dist: 28.9 km 117 214 267 267 214 276 68 68 276 117
Cotxe 63:	dist: 29.3 km 118 358 334 334 358 323 323 118
Cotxe 64:	dist: 29.3 km 121 351 129 129 351 6 290 290 6 121
Cotxe 65:	dist: 29.8 km 122 279 279 309 309 258 258 122
Cotxe 66:	dist: 28.9 km 123 284 4 4 284 282 193 193 282 123
Cotxe 67:	dist: 29.4 km 124 1 1 303 303 63 213 213 227 227 63 124
Cotxe 68:	dist: 30.0 km 126 70 151 151 70 223 223 126
Cotxe 69:	dist: 29.6 km 127 333 460 460 333 7 7 127
Cotxe 70:	dist: 28.2 km 128 232 285 285 232 304 317 317 304 128
Cotxe 71:	dist: 29.3 km 130 361 277 277 361 302 250 250 302 130
Cotxe 72:	dist: 29.9 km 133 145 177 177 145 115 291 291 115 133
Cotxe 73:	dist: 29.8 km 137 453 376 376 453 137
Cotxe 74:	dist: 29.8 km 139 300 300 369 442 442 369 210 210 139
Cotxe 75:	dist: 29.7 km 140 207 207 152 278 278 152 219 219 140
Cotxe 76:	dist: 29.3 km 141 257 257 329 132 132 329 141
Cotxe 77:	dist: 29.9 km 142 363 273 273 363 142
Cotxe 78:	dist: 30.0 km 143 447 158 158 280 280 447 235 235 143
Cotxe 79:	dist: 27.9 km 144 195 195 72 73 73 72 144
Cotxe 80:	dist: 29.1 km 162 220 220 159 417 417 159 162
Cotxe 81:	dist: 29.1 km 171 167 172 172 296 296 167 171
Cotxe 82:	dist: 28.5 km 176 342 342 173 217 217 173 176
Cotxe 83:	dist: 28.9 km 180 179 186 186 179 183 183 180
Cotxe 84:	dist: 29.6 km 192 281 281 191 191 322 322 192
Cotxe 85:	dist: 29.0 km 199 197 247 247 197 252 492 492 252 199
Cotxe 86:	dist: 30.0 km 203 202 212 212 202 203
Cotxe 87:	dist: 29.4 km 226 225 434 434 225 242 242 226
Cotxe 88:	dist: 29.2 km 233 230 249 249 230 233
Cotxe 89:	dist: 29.3 km 261 310 310 259 259 269 269 261
Cotxe 90:	dist: 30.0 km 264 314 314 263 263 264
Cotxe 91:	dist: 29.0 km 292 288 293 293 288 357 357 292
Cotxe 92:	dist: 29.7 km 295 286 316 316 286 362 362 330 330 295
Cotxe 93:	dist: 29.1 km 308 312 423 423 312 301 341 341 301 308
Cotxe 94:	dist: 27.2 km 318 337 364 364 337 315 315 318
Cotxe 95:	dist: 29.9 km 335 331 356 356 331 372 372 335
Cotxe 96:	dist: 29.3 km 349 348 359 359 348 349
Cotxe 97:	dist: 29.5 km 353 352 437 437 352 353
Cotxe 98:	dist: 29.8 km 371 373 373 370 370 384 384 371
Cotxe 99:	dist: 28.1 km 379 381 451 451 381 377 377 379
Cotxe 100:	dist: 29.5 km 386 388 399 399 388 385 385 386
Cotxe 101:	dist: 28.9 km 403 402 402 403
Cotxe 102:	dist: 28.9 km 405 400 478 478 400 491 491 405
Cotxe 103:	dist: 27.0 km 411 408 449 449 408 411
Cotxe 104:	dist: 29.5 km 422 407 427 427 407 422
Cotxe 105:	dist: 29.2 km 436 462 462 435 455 455 435 436
Cotxe 106:	dist: 27.3 km 448 456 456 441 441 448
Cotxe 107:	dist: 27.8 km 465 464 466 466 464 465
Cotxe 108:	dist: 25.5 km 469 472 472 467 467 469
Cotxe 109:	dist: 25.9 km 477 476 481 481 476 477
Cotxe 110:	dist: 27.5 km 480 479 493 493 479 480
Cotxe 111:	dist: 21.2 km 499 498 498 499
 cars: 112 dist: 3277.5 km
true
 people 500 drivers:250 time:5656264.0 ms

